ur5e_home_pose: [-1.5760396162616175, -2.1348735294737757, 2.3142429033862513, -3.9159096680083216, 4.430228233337402, -0.04417020479311162]
ur5e_vert_ee_j : 1.58729
ur5e_hori_ee_j : 0
ur5e_vert_ee_pose : [-0.0144321189305,0.705419662002,-0.0544859525403,0.70654518283]
ur5e_hori_ee_pose : [-0.491476991853, 0.517219218318, -0.499809859497, 0.491044550964]
ur5e_goal_pose : [0.771306102473,0.0441815350181,0.790723665446,-0.0144321189305,0.705419662002,-0.0544859525403,0.70654518283]


ur16e_home_pose: [-3.5583117643939417, -1.347729192381241, 1.636383358632223, -2.314810415307516, 4.074817657470703, 0.8222593665122986]



tool_js: [-3.8128421942340296, -0.18149502695117192, 2.1885092894183558, -3.013542791406149, 5.260557651519775, -0.8360188643084925]
tool_ee: [0.0774288702927,0.433252266971,0.834508418393,0.999793811855,-0.0053721056993,0.010445392899,0.0165640582189]

goal_tool_js: [-3.8761983553515833, -0.2873761218837281, 2.2171323935138147, -2.905107160607809, 5.225818634033203, -0.8974865118609827]
goal_tool_pose: [0.0774184012018,0.433245168497,0.88447676131,0.999794030001,-0.00536821037299,0.0104127232599,0.016572721153]






ur5e_tool_above_pose: [0.033305574054,-0.999420820657,0.00133954990257,0.00685328970621]
ur5e_tool_above_js: [-0.0017703215228479507, -0.7840592426112671, 1.1935332457171839, -1.9774395428099574, 3.940669059753418, 3.0748090744018555]
ur5e_dual_home_js: [-0.16483670869936162, -1.2154449087432404, 2.046211544667379, -3.9232851467528285, 4.829267978668213, 2.3323898315429688]
ur5e_tool_goal_js: [-0.7870171705829065, -1.8461162052550257, 2.153485123311178, -1.2814855140498658, 5.288680553436279, 2.2972493171691895]



UR5e_ready_jp: [-0.3732536474810999, -0.7305061382106324, 0.9293111006366175, -1.4911425721696396, 5.4385151863098145, 1.1398645639419556]
UR16e_ready_jp: [-3.13517934480776, -0.6573409599116822, 1.2011516729937952, -2.1132365665831507, 3.9320151805877686, 1.6746315956115723]