ur5e_home_pose: [-1.5760396162616175, -2.1348735294737757, 2.3142429033862513, -3.9159096680083216, 4.430228233337402, -0.04417020479311162]
ur5e_vert_ee_j : 1.58729
ur5e_hori_ee_j : 0
ur5e_vert_ee_pose : [-0.0144321189305,0.705419662002,-0.0544859525403,0.70654518283]
ur5e_hori_ee_pose : [-0.491476991853, 0.517219218318, -0.499809859497, 0.491044550964]

ur5e_goal_pose : [0.771306102473,0.0441815350181,0.790723665446,-0.0144321189305,0.705419662002,-0.0544859525403,0.70654518283]
ur16e_home_pose: [[2,3]]

